    0.9417
    0.6716
    0.7157
    0.7006
    0.5459
    0.5687
    0.5930
    0.7088
    0.6616
    0.6590
       inf
    0.7068
    0.7793
    0.5602
    0.2471
    0.4250
    0.3375
    0.7328
    0.7512
    0.7345
    0.6230
    0.7081
    0.6980
    0.7636
    0.7525
    0.7957
    0.5915
    0.6810
    0.6409
    0.6722
    0.3805
    0.6110
    0.7963
    0.6025
    0.6012
    0.5613
    0.7311
    0.7228
    0.7041
    0.5687
    0.5740
    0.4149
    0.7708
    0.5159
    0.7283
    0.7918
    0.7528
    0.4714
    0.5750
    0.5859
    0.6558
    0.4004
    0.9278
    0.6765
    0.6291
    0.7723
    0.6192
    0.7327
    0.5032
    0.5385
    0.6806
    0.3951
    0.5141
    0.5665
    0.4142
    0.5830
    0.5679
    0.4852
    0.3482
    0.6278
    0.5964
    0.7006
    0.7842
    0.3741
    0.6952
    0.6105
    0.5687
    0.5427
    0.4326
    0.6591
    0.6529
    0.7713
    0.7017
    0.7825
    0.5427
    0.3213
    0.6956
    0.6367
    0.6499
    0.7511
    0.6140
    0.7641
    0.4391
    0.6852
    0.6102
    0.6324
    0.7907
    0.7763
    0.4765
    0.5060
