    0.2461
    0.3214
    0.3599
    0.2615
    0.2312
    0.2326
    0.3839
    0.3277
    0.2724
    0.2438
    0.2283
    0.3307
    0.2812
    0.4210
    0.3085
    0.2861
    0.3367
    0.3052
    0.1564
    0.2989
       inf
    0.3533
    0.3390
    0.3374
    0.4008
    0.2986
    0.2763
    0.1496
    0.2575
    0.2684
    0.2487
    0.2609
    0.2628
    0.3198
    0.2700
    0.1614
    0.1036
    0.2792
    0.2170
    0.0798
    0.3406
    0.3472
    0.2430
    0.2343
    0.2854
    0.2569
    0.3562
    0.2396
    0.3731
    0.1601
    0.3265
    0.2838
    0.3379
    0.3742
    0.3425
    0.3495
    0.3163
    0.3206
    0.2564
    0.2944
    0.3056
    0.3408
    0.2807
    0.1885
    0.2328
    0.0448
    0.1962
    0.3345
    0.2436
    0.2060
    0.2945
    0.2893
    0.2875
    0.2697
    0.2650
    0.3180
    0.3416
    0.3244
    0.2789
    0.2688
    0.3213
    0.3678
    0.2856
    0.2786
    0.2720
    0.3393
    0.2992
    0.3563
    0.3021
    0.2563
    0.0358
    0.3152
    0.3513
    0.2470
    0.1907
    0.1953
    0.3622
    0.2995
    0.3317
    0.3410
    0.3566
    0.2500
    0.2609
    0.3367
    0.2673
    0.3739
    0.3866
    0.2782
    0.3219
    0.3160
    0.2270
    0.2357
    0.2965
    0.2564
    0.2563
    0.2483
    0.3111
    0.3720
    0.2408
    0.2434
    0.2156
    0.2941
    0.3504
    0.2199
    0.1950
    0.4003
    0.4063
    0.2140
    0.2707
    0.3627
    0.3546
    0.3707
    0.2398
    0.3112
    0.3333
    0.3116
    0.3097
    0.3692
    0.2862
    0.3322
    0.2509
    0.3505
    0.3253
    0.2006
    0.3257
    0.2974
    0.2645
    0.1985
    0.2942
    0.2783
    0.2492
    0.1645
    0.2168
    0.3167
    0.2742
    0.4077
    0.2239
    0.3171
    0.3035
    0.2414
    0.2966
    0.2859
    0.2983
    0.1994
    0.2513
    0.2909
    0.1179
    0.2488
    0.2999
    0.2825
    0.2777
    0.2412
    0.1759
    0.0979
    0.3709
    0.3198
    0.3010
    0.2746
    0.1611
    0.3047
    0.3237
    0.3377
    0.3601
    0.2507
    0.3594
    0.3663
    0.3445
    0.3329
    0.2457
    0.2763
    0.3353
    0.3405
    0.3082
    0.3146
    0.2135
    0.2954
    0.3353
    0.3157
    0.3425
    0.3347
    0.2405
    0.3333
    0.2442
    0.3567
    0.2369
    0.2626
    0.4096
    0.1540
    0.2934
    0.3056
    0.3277
    0.3771
    0.2783
    0.1522
    0.3641
    0.2433
    0.3123
    0.1915
    0.2369
    0.2997
    0.2778
    0.3519
    0.3072
    0.3699
    0.3683
    0.2638
    0.2351
    0.1989
    0.2597
    0.3257
    0.1987
    0.2437
    0.3110
    0.3211
    0.1583
    0.4137
    0.3157
    0.3163
    0.3712
    0.2588
    0.1876
    0.3187
    0.3127
    0.1880
    0.2942
    0.3043
    0.3432
    0.4212
    0.3036
    0.2746
    0.3508
    0.1870
    0.3573
    0.3224
    0.3453
    0.3016
    0.2485
    0.3729
    0.1954
    0.3598
    0.3441
    0.3440
    0.3120
    0.3819
    0.3892
    0.2035
    0.1602
    0.2597
    0.1051
    0.3303
    0.3227
    0.4029
    0.2627
    0.3572
    0.3724
    0.2134
    0.4005
    0.3741
    0.3025
    0.2392
    0.2351
    0.2874
    0.2646
    0.3395
    0.2221
    0.3089
    0.3262
    0.2954
    0.3186
    0.2676
    0.1988
    0.2042
    0.3635
    0.2936
    0.2678
    0.3334
    0.3398
    0.2399
    0.3390
    0.2462
    0.3311
    0.2979
    0.2431
    0.3139
    0.2501
    0.1151
    0.3894
    0.4263
    0.2764
    0.1006
    0.2167
    0.3122
    0.3041
    0.2406
    0.3391
    0.2957
    0.3007
    0.2361
    0.3040
    0.2896
    0.2103
    0.3577
    0.2681
    0.1999
    0.3212
    0.3646
    0.2816
    0.2593
    0.3564
    0.3365
    0.3633
    0.2967
    0.3339
    0.1930
    0.1949
    0.2922
    0.2266
    0.2765
    0.3180
    0.2381
    0.3132
    0.2512
    0.3115
    0.3625
    0.0526
    0.2814
    0.1969
    0.3029
    0.2919
    0.2869
    0.2842
    0.3627
    0.2143
    0.2746
    0.2977
    0.1811
    0.3577
    0.2491
    0.2178
    0.3303
    0.2490
    0.3244
    0.2774
    0.3725
    0.3492
    0.2587
    0.2119
    0.2367
    0.3175
    0.3677
    0.3391
    0.2834
    0.3421
    0.2404
    0.2882
    0.2814
    0.3023
    0.3395
    0.3172
    0.1681
    0.4336
    0.3335
    0.3746
    0.2853
    0.2092
    0.2924
    0.2622
    0.2670
    0.2802
    0.3430
    0.2763
    0.2521
    0.3308
    0.3663
    0.2546
    0.3309
    0.2083
    0.2312
    0.3503
    0.3272
    0.3903
    0.2558
    0.2603
    0.2849
    0.3223
    0.2354
    0.2107
    0.3042
    0.2942
    0.3027
    0.3480
    0.2890
    0.3024
    0.2725
    0.3850
    0.0730
    0.3343
    0.4011
    0.2498
    0.2625
    0.2947
    0.2662
    0.2536
    0.3291
    0.3384
    0.2066
    0.3140
    0.2344
    0.2009
    0.3487
    0.2207
    0.1660
    0.2740
    0.3514
    0.3258
    0.2750
    0.3622
    0.2964
    0.1620
    0.2042
    0.3026
    0.2967
    0.2927
    0.2818
    0.3615
    0.2942
    0.1350
    0.2799
    0.2625
    0.2195
    0.2817
    0.1683
    0.3235
    0.3456
    0.3290
    0.3278
    0.3426
    0.3406
    0.0918
    0.1820
    0.2689
    0.3850
    0.2496
    0.3315
    0.1955
    0.2863
    0.2599
    0.2821
    0.2353
    0.2971
    0.3380
    0.3469
    0.2668
    0.3452
    0.3433
    0.2721
    0.3358
    0.3032
    0.2321
    0.2750
    0.3443
    0.1992
    0.3814
    0.2755
    0.3821
    0.3697
    0.3648
    0.2995
    0.2004
    0.3188
    0.3461
    0.3631
    0.2644
    0.3032
    0.3742
    0.2937
    0.3441
    0.3378
    0.2859
    0.2492
