    0.7544
    0.5921
    0.3952
    0.7535
    0.4926
    0.4484
       inf
    0.6998
    0.5957
    0.6135
    0.5930
    0.4363
    0.7151
    0.6573
    0.4344
    0.6582
    0.5248
    0.8826
    0.8330
    0.6038
    0.6140
    0.7224
    0.3657
    0.7262
    0.5842
    0.7502
    0.6957
    0.4937
    0.4700
    0.5259
    0.3010
    0.5324
    0.7709
    0.5956
    0.6276
    0.7289
    0.5309
    0.4729
    0.6850
    0.5232
    0.6653
    0.5452
    0.4758
    0.6087
    0.6548
    0.7181
    0.7454
    0.3919
    0.4708
    0.6511
    0.5251
    0.6600
    0.9104
    0.7578
    0.7790
    0.4816
    0.6291
    0.5483
    0.3648
    0.5534
    0.5560
    0.5824
    0.4471
    0.6562
    0.6015
    0.7529
    0.2805
    0.5606
    0.7975
    0.5964
    0.6978
    0.6347
    0.2989
    0.7178
    0.8983
    0.6521
    0.5836
    0.5564
    0.4158
    0.7298
    0.5621
    0.5708
    0.1663
    0.5542
    0.4259
    0.7391
    0.7093
    0.3493
    0.5696
    0.6008
    0.5888
    0.6982
    0.6067
    0.7606
    0.6965
    0.5869
    0.6034
    0.4630
    0.5693
    0.7091
