    0.3259
    0.3435
    0.2959
    0.2924
    0.2199
    0.3038
    0.3469
    0.3229
    0.2629
    0.2802
       inf
    0.3161
    0.3185
    0.3713
    0.3253
    0.2786
    0.1368
    0.0909
    0.2795
    0.2538
    0.2283
    0.2707
    0.3016
    0.3299
    0.3522
    0.3548
    0.3218
    0.2104
    0.2739
    0.0959
    0.2038
    0.3399
    0.2010
    0.3103
    0.3782
    0.2767
    0.2267
    0.3335
    0.3027
    0.3081
    0.1998
    0.1811
    0.2478
    0.2701
    0.3399
    0.2379
    0.3137
    0.2348
    0.3472
    0.2399
    0.2665
    0.3105
    0.3981
    0.3404
    0.2598
    0.3172
    0.2608
    0.3033
    0.2115
    0.2393
    0.2314
    0.3305
    0.3281
    0.2228
    0.3126
    0.1835
    0.2959
    0.2491
    0.2239
    0.3386
    0.2870
    0.3322
    0.2299
    0.2327
    0.2575
    0.3249
    0.2984
    0.3401
    0.3721
    0.3304
    0.2856
    0.1953
    0.3029
    0.3584
    0.2322
    0.3287
    0.3325
    0.3040
    0.2196
    0.2515
    0.2478
    0.2655
    0.2715
    0.2439
    0.1064
    0.2500
    0.2865
    0.2920
    0.3320
    0.2855
    0.3943
    0.2803
    0.2698
    0.2946
    0.3432
    0.3177
    0.2199
    0.1939
    0.2888
    0.3617
    0.3515
    0.2304
    0.1605
    0.3408
    0.3514
    0.2625
    0.3248
    0.2524
    0.2770
    0.3447
    0.3350
    0.3259
    0.2788
    0.2840
    0.2679
    0.3745
    0.3126
    0.2065
    0.3050
    0.1904
    0.3363
    0.3049
    0.3492
    0.1536
    0.2512
    0.3522
    0.2984
    0.1599
    0.2957
    0.3965
    0.2934
    0.3410
    0.3119
    0.2412
    0.3147
    0.3801
    0.3835
    0.1187
    0.2431
    0.2965
    0.3062
    0.2813
    0.3181
    0.2664
    0.1899
    0.3235
    0.2022
    0.3323
    0.3206
    0.2224
    0.2836
    0.3597
    0.3389
    0.2063
    0.1611
    0.3922
    0.1104
    0.2503
    0.2526
    0.2840
    0.1310
    0.2140
    0.1413
    0.1992
    0.3157
    0.2333
    0.1038
    0.2895
    0.2455
    0.2828
    0.3089
    0.1252
    0.3733
    0.3274
    0.3042
    0.3678
    0.3055
    0.2983
    0.1934
    0.1990
    0.2843
    0.3702
    0.2373
    0.3364
    0.3148
    0.3282
    0.2753
    0.3054
    0.1924
    0.2445
    0.2153
    0.3110
    0.3240
    0.3721
    0.3196
    0.3424
    0.3106
    0.2338
    0.2347
    0.3345
    0.2458
    0.3889
    0.2754
    0.2753
    0.3593
    0.0708
    0.3693
    0.2527
    0.2914
    0.3106
    0.2592
    0.3359
    0.3032
    0.3328
    0.3370
    0.2037
    0.3163
    0.1540
    0.2686
    0.3210
    0.2785
    0.2843
    0.2721
    0.3746
    0.2735
    0.3561
    0.3082
    0.2639
    0.2529
    0.2670
    0.2773
    0.2335
    0.1608
    0.2168
    0.3091
    0.2245
    0.2390
    0.3991
    0.3834
    0.3354
    0.2665
    0.2682
    0.3302
    0.2544
    0.2974
    0.3325
    0.1933
    0.3322
    0.3632
    0.2209
    0.3477
    0.3296
    0.2949
    0.3445
    0.3729
    0.3162
    0.2764
    0.1799
    0.2064
    0.2505
    0.3214
    0.3776
    0.2002
    0.2269
    0.3511
    0.2443
    0.3503
    0.2536
    0.2013
    0.2317
    0.2479
    0.1451
    0.3052
    0.3116
    0.2537
    0.3218
    0.3150
    0.3023
    0.2782
    0.3461
    0.2394
    0.2650
    0.2772
    0.2889
    0.2851
    0.1983
    0.2191
    0.2324
    0.2435
    0.2269
    0.3236
    0.3887
    0.2613
    0.2952
    0.1658
    0.1949
    0.3241
    0.3420
    0.1716
    0.2568
    0.2476
    0.2577
    0.3329
    0.2595
    0.3304
    0.2000
    0.2932
    0.2005
    0.2440
    0.0613
    0.2545
    0.3387
    0.3217
    0.2088
    0.2763
    0.3555
    0.2064
    0.3054
    0.3815
    0.2994
    0.3378
    0.2905
    0.3838
    0.3163
    0.3008
    0.3046
    0.2395
    0.3262
    0.2747
    0.2787
    0.3072
    0.2797
    0.2860
    0.3504
    0.1757
    0.2467
    0.2577
    0.2280
    0.2955
    0.1144
    0.2878
    0.2798
    0.2598
    0.2435
    0.2177
    0.1763
    0.3146
    0.2580
    0.2998
    0.2460
    0.1232
    0.3711
    0.1049
    0.3612
    0.3473
    0.3199
    0.3162
    0.2809
    0.2577
    0.3079
    0.3407
    0.2799
    0.3408
    0.1606
    0.2632
    0.1989
    0.2314
    0.3363
    0.1710
    0.2912
    0.4114
    0.3057
    0.3575
    0.2574
    0.2627
    0.2519
    0.1364
    0.3205
    0.3261
    0.2693
    0.1046
    0.2927
    0.3239
    0.2256
    0.3559
    0.2887
    0.1382
    0.0717
    0.2990
    0.3351
    0.3078
    0.2008
    0.2687
    0.3192
    0.2181
    0.2099
    0.3120
    0.2441
    0.3607
    0.2918
    0.3426
    0.3615
    0.3259
    0.3027
    0.2914
    0.2106
    0.2743
    0.3425
    0.2152
    0.3699
    0.3668
    0.3270
    0.2698
    0.2935
    0.2216
    0.2609
    0.2868
    0.3357
    0.2276
    0.3441
    0.3340
    0.2427
    0.2665
    0.2110
    0.2700
    0.1208
    0.2890
    0.2851
    0.2946
    0.2528
    0.2572
    0.2518
    0.3452
    0.2858
    0.2834
    0.3254
    0.2698
    0.2751
    0.2550
    0.2820
    0.3705
    0.2696
    0.1768
    0.3492
    0.2883
    0.2598
    0.3080
    0.2668
    0.3201
    0.2129
    0.1260
    0.3225
    0.2838
    0.2614
    0.2596
    0.3671
    0.1801
    0.2490
    0.1572
    0.3287
    0.3453
    0.3289
    0.2649
    0.3935
    0.3044
    0.3443
    0.3279
    0.2398
    0.1745
    0.2549
    0.3240
    0.2759
    0.2971
    0.2795
    0.4100
    0.2884
    0.2805
    0.2246
    0.0279
    0.3504
    0.3442
    0.2910
    0.2569
    0.3341
    0.3199
    0.3852
    0.3724
    0.3370
    0.3265
    0.3398
